0.123 0.119 0.115 0.104 0.097 0.090 0.089 0.080 0.078 0.066 0.064 0.055 0.048 0.046 0.040 0.037 0.036 0.034 0.031 0.027 0.023 0.023 0.019 0.017 0.015 0.013 0.013 0.013 0.012 0.012 
0.143 0.123 0.115 0.102 0.090 0.090 0.083 0.081 0.079 0.078 0.076 0.072 0.071 0.065 0.064 0.057 0.056 0.048 0.046 0.041 0.036 0.030 0.027 0.025 0.022 0.021 0.019 0.017 0.015 0.014 
0.140 0.126 0.111 0.109 0.098 0.098 0.090 0.085 0.081 0.070 0.066 0.063 0.059 0.056 0.054 0.047 0.045 0.042 0.038 0.034 0.032 0.031 0.030 0.026 0.025 0.023 0.022 0.021 0.018 0.018 
0.157 0.144 0.127 0.121 0.113 0.105 0.103 0.088 0.078 0.075 0.071 0.070 0.060 0.057 0.052 0.052 0.049 0.046 0.041 0.035 0.035 0.031 0.027 0.024 0.021 0.019 0.019 0.018 0.018 0.017 
0.177 0.169 0.146 0.142 0.135 0.133 0.122 0.110 0.102 0.102 0.094 0.087 0.075 0.064 0.060 0.056 0.053 0.048 0.047 0.041 0.037 0.033 0.032 0.031 0.030 0.030 0.026 0.024 0.022 0.020 
0.203 0.184 0.158 0.138 0.124 0.107 0.101 0.095 0.089 0.082 0.073 0.071 0.064 0.063 0.057 0.053 0.051 0.043 0.040 0.037 0.036 0.033 0.029 0.025 0.022 0.021 0.020 0.017 0.015 0.013 
0.129 0.110 0.095 0.093 0.092 0.084 0.083 0.079 0.068 0.062 0.060 0.056 0.049 0.048 0.044 0.040 0.040 0.035 0.029 0.029 0.027 0.027 0.027 0.027 0.025 0.024 0.022 0.022 0.020 0.017 
0.121 0.108 0.101 0.096 0.089 0.088 0.087 0.081 0.073 0.062 0.058 0.056 0.053 0.053 0.050 0.049 0.045 0.044 0.038 0.038 0.036 0.034 0.033 0.032 0.029 0.029 0.027 0.024 0.022 0.021 
0.154 0.131 0.114 0.101 0.087 0.082 0.076 0.068 0.067 0.066 0.058 0.052 0.049 0.045 0.039 0.037 0.032 0.029 0.027 0.024 0.023 0.021 0.019 0.017 0.016 0.014 0.012 0.012 0.011 0.009 
0.122 0.120 0.109 0.095 0.082 0.080 0.070 0.069 0.059 0.050 0.045 0.044 0.040 0.037 0.033 0.030 0.027 0.023 0.021 0.020 0.018 0.018 0.015 0.014 0.013 0.013 0.012 0.012 0.011 0.010 
0.204 0.177 0.167 0.164 0.152 0.141 0.121 0.115 0.099 0.086 0.081 0.072 0.063 0.054 0.047 0.045 0.042 0.038 0.037 0.034 0.034 0.034 0.029 0.026 0.024 0.021 0.021 0.020 0.020 0.020 
0.145 0.138 0.137 0.123 0.117 0.115 0.113 0.108 0.100 0.087 0.080 0.070 0.067 0.067 0.063 0.056 0.056 0.053 0.050 0.047 0.043 0.040 0.036 0.035 0.035 0.030 0.030 0.030 0.028 0.028 
0.181 0.178 0.178 0.173 0.150 0.130 0.130 0.120 0.116 0.099 0.089 0.088 0.082 0.073 0.072 0.065 0.063 0.058 0.055 0.051 0.048 0.046 0.042 0.037 0.034 0.032 0.030 0.029 0.029 0.029 
0.144 0.130 0.118 0.102 0.088 0.088 0.088 0.083 0.072 0.062 0.058 0.057 0.055 0.047 0.046 0.042 0.037 0.033 0.031 0.031 0.031 0.029 0.025 0.022 0.021 0.018 0.016 0.016 0.014 0.012 
0.142 0.131 0.131 0.121 0.111 0.101 0.092 0.088 0.084 0.081 0.078 0.076 0.069 0.064 0.062 0.056 0.050 0.043 0.042 0.037 0.037 0.036 0.033 0.031 0.031 0.030 0.030 0.029 0.027 0.026 
0.163 0.147 0.142 0.136 0.126 0.119 0.111 0.105 0.096 0.083 0.073 0.070 0.062 0.058 0.050 0.047 0.041 0.038 0.037 0.034 0.031 0.030 0.028 0.027 0.027 0.024 0.024 0.020 0.018 0.017 
0.179 0.175 0.165 0.157 0.150 0.136 0.121 0.104 0.092 0.092 0.091 0.089 0.076 0.066 0.065 0.058 0.056 0.052 0.051 0.050 0.044 0.044 0.040 0.039 0.034 0.031 0.027 0.026 0.023 0.020 
0.193 0.182 0.179 0.161 0.141 0.140 0.131 0.113 0.104 0.099 0.099 0.098 0.095 0.087 0.084 0.082 0.081 0.078 0.068 0.065 0.064 0.056 0.050 0.047 0.041 0.037 0.034 0.029 0.029 0.028 
0.141 0.134 0.122 0.117 0.112 0.099 0.087 0.076 0.069 0.065 0.059 0.051 0.045 0.040 0.035 0.034 0.030 0.026 0.025 0.024 0.022 0.020 0.018 0.018 0.017 0.015 0.015 0.013 0.011 0.011 
0.141 0.131 0.120 0.119 0.114 0.114 0.106 0.094 0.084 0.071 0.062 0.055 0.048 0.045 0.039 0.035 0.031 0.029 0.026 0.024 0.024 0.021 0.020 0.017 0.016 0.014 0.014 0.012 0.012 0.011 
0.173 0.158 0.144 0.130 0.123 0.114 0.106 0.097 0.095 0.087 0.077 0.073 0.065 0.063 0.060 0.057 0.049 0.045 0.042 0.039 0.037 0.033 0.028 0.027 0.024 0.022 0.019 0.016 0.014 0.013 
0.198 0.188 0.188 0.178 0.167 0.161 0.138 0.123 0.118 0.113 0.111 0.107 0.093 0.091 0.088 0.082 0.076 0.067 0.067 0.062 0.055 0.051 0.050 0.045 0.042 0.038 0.033 0.031 0.027 0.026 
0.140 0.122 0.121 0.116 0.112 0.098 0.086 0.078 0.069 0.061 0.053 0.053 0.047 0.045 0.039 0.037 0.034 0.032 0.027 0.025 0.022 0.020 0.019 0.017 0.016 0.015 0.014 0.013 0.013 0.011 
0.176 0.173 0.162 0.146 0.126 0.119 0.119 0.103 0.101 0.090 0.089 0.088 0.076 0.073 0.070 0.067 0.067 0.057 0.056 0.053 0.052 0.045 0.044 0.042 0.039 0.035 0.033 0.030 0.029 0.026 
0.197 0.174 0.153 0.145 0.139 0.133 0.118 0.118 0.113 0.105 0.091 0.088 0.077 0.069 0.061 0.057 0.051 0.049 0.047 0.045 0.043 0.042 0.038 0.033 0.028 0.027 0.027 0.027 0.025 0.023 
0.125 0.120 0.117 0.107 0.104 0.097 0.096 0.090 0.080 0.078 0.069 0.067 0.057 0.054 0.047 0.044 0.040 0.039 0.037 0.034 0.032 0.031 0.028 0.025 0.024 0.023 0.020 0.018 0.018 0.017 
0.197 0.177 0.164 0.160 0.142 0.131 0.126 0.114 0.114 0.102 0.095 0.094 0.088 0.078 0.070 0.067 0.065 0.059 0.058 0.050 0.044 0.039 0.037 0.033 0.028 0.025 0.023 0.020 0.019 0.017 
0.142 0.127 0.127 0.126 0.124 0.106 0.092 0.078 0.071 0.067 0.059 0.051 0.049 0.046 0.042 0.037 0.032 0.028 0.025 0.021 0.020 0.019 0.016 0.014 0.014 0.012 0.012 0.012 0.011 0.009 
0.187 0.180 0.166 0.149 0.136 0.123 0.118 0.103 0.094 0.093 0.086 0.085 0.079 0.078 0.074 0.071 0.066 0.061 0.056 0.055 0.051 0.046 0.046 0.042 0.037 0.032 0.030 0.027 0.024 0.024 
0.171 0.166 0.161 0.158 0.148 0.146 0.135 0.134 0.121 0.119 0.119 0.108 0.095 0.083 0.072 0.067 0.058 0.052 0.048 0.044 0.043 0.040 0.036 0.032 0.029 0.026 0.024 0.021 0.020 0.019 
